



(171, 4747, '07:14:07', 1)
(171, 6039, '07:22:23', 1)
(171, 1816, '07:23:24', 1)
(171, 4974, '07:24:44', 0)
(171, 4793, '07:30:43', 0)
(171, 1584, '07:32:23', 0)
(171, 984, '07:34:23', 0)
(171, 987, '07:35:42', 0)
(171, 988, '07:36:26', 0)
(171, 138, '07:38:02', 0)
(171, 92, '07:42:44', 0)
(171, 94, '07:44:03', 0)
(171, 126, '07:45:01', 0)
(171, 6009, '07:46:49', 0)
(171, 5060, '07:52:14', 0)
(171, 253, '07:56:09', 0)
(171, 1253, '07:59:33', 0)
(171, 997, '08:02:55', 0)
(171, 1001, '08:05:14', 0)
(171, 1008, '08:11:53', 0)
(171, 1012, '08:14:55', 0)
(171, 956, '08:33:15', 0)
(171, 959, '08:36:55', 0)
(171, 964, '08:40:15', 0)
(171, 966, '08:43:54', 0)
(171, 1228, '08:48:34', 0)
(171, 972, '08:56:13', 0)
(171, 973, '08:57:35', 0)
(171, 975, '09:00:38', 0)
(171, 127, '09:03:34', 0)
(171, 112, '09:04:54', 0)
(171, 981, '09:11:49', 0)
(171, 7025, '09:32:49', 0)
(171, 4747, '09:54:39', 1)
(41, 4905, '13:56:47', 0)
(41, 4906, '13:57:47', 0)
(41, 4922, '14:01:15', 0)
(41, 3689, '14:06:35', 0)
(41, 3691, '14:08:13', 0)
(41, 3704, '14:13:33', 1)
(41, 733, '14:15:55', 0)
(41, 3699, '14:20:37', 1)
(41, 1637, '14:26:58', 0)
(41, 1638, '14:28:56', 0)
(41, 1640, '14:32:18', 0)
(41, 231, '14:33:37', 0)
(41, 46, '14:42:17', 0)
(41, 49, '14:44:58', 0)
(41, 51, '14:46:05', 0)
(41, 277, '14:50:24', 0)
(41, 288, '14:54:34', 0)
(41, 1171, '15:12:43', 0)
(41, 1174, '15:16:04', 0)
(41, 15, '15:17:24', 1)
(41, 17, '15:18:25', 0)
(41, 19, '15:19:45', 0)
(41, 85, '15:21:44', 0)
(41, 1620, '15:25:05', 0)
(41, 220, '15:26:06', 0)
(41, 1623, '15:27:45', 0)
(41, 1626, '15:32:24', 0)
(41, 7348, '15:39:37', 0)
(41, 5074, '15:47:36', 0)
(41, 4330, '15:48:58', 0)
(41, 3679, '15:52:40', 0)
(41, 4912, '15:59:35', 0)
(41, 4914, '16:00:35', 0)
(41, 4957, '16:03:40', 0)
(38, 7333, '17:06:50', 1)
(38, 786, '17:12:45', 0)
(38, 793, '17:16:47', 0)
(38, 794, '17:19:26', 0)
(38, 4496, '17:23:24', 0)
(38, 2, '17:27:08', 0)
(38, 796, '17:31:06', 0)
(38, 57, '17:33:46', 0)
(38, 58, '17:34:44', 0)
(38, 59, '17:35:25', 0)
(38, 1660, '17:40:46', 0)
(38, 1661, '17:41:46', 0)
(38, 1662, '17:43:25', 0)
(38, 1664, '17:44:25', 0)
(38, 1807, '17:46:24', 0)
(38, 7167, '17:47:05', 0)
(38, 1808, '17:48:24', 0)
(38, 1673, '17:53:47', 0)
(38, 1674, '17:54:50', 0)
(38, 1675, '17:55:29', 0)
(38, 1849, '17:56:49', 0)
(38, 1813, '17:58:30', 0)
(38, 1816, '18:03:48', 0)
(38, 1822, '18:07:08', 0)
(38, 4995, '18:09:47', 0)
(38, 4745, '18:17:51', 0)
Total time = 5390.204353570938
